1011020220303
2007451982480095000000008733115072201
2006972385004904000000006003215092201
2006972385004935000000026823226092201
2006972385004946000000006593228092202
2007681459956173000000007883005072202
2007681459956183000000006273020072208
2007681459956186000000007553025072208
2007681459956196000000008643009082208
2007681459956200000000002232015082208
2007681459956201000000008183016082208
2007681459956201000000008413016082208
2007681459956203000000002002018082208
2007681459956205000000001482022082208
2007681459956206000000007923023082208
2007681459956208000000005893025082208
2007681459956210000000009883029082208
2007681459956211000000003022030082208
2007681459956211000000007623030082208
2007681459956211000000009473030082208
2007681459956212000000005843031082208
2007681459956212000000007463031082203
2007681459956212000000010213031082208
2007681459956213000000006053001092208
2007681459956213000000008873001092208
2007681459956214000000001922002092208
2007681459956214000000005753002092205
2007681459956214000000008743002092208
2007681459956215000000009293005092208
2007681459956216000000002132006092208
2007681459956216000000003242006092208
2007681459956216000000003252006092208
2007681459956217000000002002007092213
2007681459956218000000009633008092202
2007681459956218000000009643008092202
2007681459956219000000007003009092201
2007681459956222000000006873015092208
2007681459956223000000003573016092205
2007681459956224000000000321019092201
2007681459956225000000000561020092205
2007681459956225000000005363020092205
2007681459956226000000000061021092205
2007681459956226000000004593021092203
2007681459956226000000004953021092202
2007681459956226000000005003021092203
2007681459956226000000007403021092205
2007681459956226000000007893021092201
2007681459956226000000008683021092202
2007681459956226000000009463021092203
2007681459956227000000006353022092205
2007681459956227000000006493022092205
2007681459956227000000006703022092203
2007681459956227000000006863022092203
2007681459956227000000010373022092201
2007681459956228000000005193023092205
2007681459956228000000005223023092201
2007681459956228000000007213023092212
2007681459956228000000009593023092201
2007681459956229000000005403026092205
2007681459956229000000006143026092202
2007681459956229000000007893026092205
2007681459956229000000010493026092201
2007681459956229000000012333026092202
2007681459956230000000004353027092201
2007681460267229000000000543022092205
2007681460267229000000000713022092205
2007681476994075000000000713018082208
2007681476994079000000001403024082203
2007681476994082000000001643029082208
2007681476994085000000001523001092208
2007681476994094000000002962015092201
2007681476994094000000005533015092205
2007681476994094000000006453015092201
2007681476994095000000003413016092203
2007681476994098000000001393021092205
2007681476994101000000005152026092201
2007681476994101000000005613026092201
2007681476994101000000005883026092201
2007681476994101000000008993026092205
2007681476994101000000009263026092202
2007681476994101000000010683026092203
2007681476994102000000000743027092201
2007709251180127000000007963230082208
2007709251180128000000004932102092208
2007709251180128000000009743102092208
2007709251180129000000000823102092203
2007709251180129000000006383102092208
2007709251180129000000009133102092208
2007709251180130000000006313102092208
2007709251180131000000003213106092201
2007709251180131000000007123106092208
2007709251180131000000009383106092203
2007709251180132000000002093106092208
2007709251180132000000003813106092212
2007709251180133000000005023106092205
2007709251180133000000007033106092205
2007709251180133000000008673106092205
2007709251180136000000001843113092203
2007709251180136000000008593113092203
2007709251180137000000004733116092205
2007709251180139000000001933120092203
2007709251180139000000005302120092201
2007709251180140000000004673120092202
2007709251180140000000008413120092211
2007709251180140000000008563120092201
2007709251180141000000002503120092201
2007709251180141000000005433120092203
2007709251180142000000002273123092208
2007709251180142000000002591123092201
2007709251180142000000003592123092201
2007709251180142000000004923123092203
2007709251180142000000005673123092205
2007709251180142000000007103123092203
2007709251180143000000000273123092203
2007709251180143000000000813123092202
2007709251180143000000005763123092205
2007709251180143000000005773123092205
2007709251180143000000006093123092203
2007709251180143000000006633123092202
2007709251180144000000002513123092211
2007709251180144000000005653123092211
2007709251180144000000005923123092205
2007709251180144000000007873123092203
2007709251180145000000001043127092203
2007709251180145000000002753127092203
2007709251180145000000002763127092203
2007709251180145000000006443127092203
2007709251180146000000002733127092203
2007709251180146000000008683127092202
2007709258980484000000000272223092205
2721118159172072000000004752002082208
2721118159172087000000003573009082208
2721118159172138000000010383031082208
2721118159172139000000006372031082208
2721118159172139000000023773031082208
2721118159172139000000029981031082201
2721118159172139000000050343031082208
2721118159172148000000003283005092205
2721118159172152000000008323003062205
2721118159172167000000006073013092205
2721118159172175000000010281015092212
2721118159172186000000002581021092201
2721118159172186000000003831021092201
2721118159172186000000005151021092201
2721118159172186000000041083021092212
2721118159172186000000042603021092205
2721118159172186000000042633021092205
2721118159172186000000042693021092205
2721118159172186000000045033021092201
2721118159172186000000046962021092211
2721118159172186000000047996302109001
2721118159172193000000000041026092201
2721118159172193000000003003026092201
2721118159172193000000005813026092205
2721118159172193000000017743026092203
310000000153
